year,age,sex,people
1950,0,M,4998251
1950,0,F,5028522
1951,0,M,5083759
1951,0,F,5116521
1952,0,M,5145772
1952,0,F,5182571
1953,0,M,5198033
1953,0,F,5237598
1954,0,M,5256108
1954,0,F,5294629
1955,0,M,5320759
1955,0,F,5359264
1956,0,M,5390751
1956,0,F,5430910
1957,0,M,5459578
1957,0,F,5497462
1958,0,M,5529065
1958,0,F,5566661
1959,0,M,5618540
1959,0,F,5659484
1960,0,M,5686152
1960,0,F,5731102
1961,0,M,5754229
1961,0,F,5801779
1962,0,M,5838368
1962,0,F,5883048
1963,0,M,5923811
1963,0,F,5966151
1964,0,M,6001376
1964,0,F,6040594
1965,0,M,6090529
1965,0,F,6121740
1966,0,M,6178283
1966,0,F,6198911
1967,0,M,6262052
1967,0,F,6273255
1968,0,M,6317025
1968,0,F,6344070
1969,0,M,6382960
1969,0,F,6415386
1970,0,M,6465081
1970,0,F,6492540
1971,0,M,6549696
1971,0,F,6569734
1972,0,M,6624210
1972,0,F,6645353
1973,0,M,6675531
1973,0,F,6712092
1974,0,M,6722096
1974,0,F,6768924
1975,0,M,6771613
1975,0,F,6827479
1976,0,M,6836875
1976,0,F,6896703
1977,0,M,6871547
1977,0,F,6942948
1978,0,M,6907216
1978,0,F,6990658
1979,0,M,6945442
1979,0,F,7040084
1980,0,M,6994280
1980,0,F,7096734
1981,0,M,7048474
1981,0,F,7160112
1982,0,M,7081566
1982,0,F,7204263
1983,0,M,7102598
1983,0,F,7236953
1984,0,M,7124152
1984,0,F,7270437
1985,0,M,7149620
1985,0,F,7304213
1986,0,M,7184538
1986,0,F,7344892
1987,0,M,7224323
1987,0,F,7390802
1988,0,M,7273611
1988,0,F,7441337
1989,0,M,7316590
1989,0,F,7488650
1990,0,M,7358482
1990,0,F,7534092
1991,0,M,7419501
1991,0,F,7590944
1992,0,M,7480422
1992,0,F,7648728
1993,0,M,7535268
1993,0,F,7703914
1994,0,M,7585887
1994,0,F,7755666
1995,0,M,7627482
1995,0,F,7796640
1996,0,M,7662289
1996,0,F,7831600
1997,0,M,7696803
1997,0,F,7870304
1998,0,M,7740074
1998,0,F,7914118
1999,0,M,7793271
1999,0,F,7966954
2000,0,M,7846317
2000,0,F,8017633
2001,0,M,7909855
2001,0,F,8077220
2002,0,M,7971967
2002,0,F,8133318
2003,0,M,8015471
2003,0,F,8177101
2004,0,M,8045914
2004,0,F,8212118
2005,0,M,8065979
2005,0,F,8239547
2006,0,M,8077407
2006,0,F,8256803
2007,0,M,8088514
2007,0,F,8269478
2008,0,M,8112073
2008,0,F,8293326
2009,0,M,8156396
2009,0,F,8329391
2010,0,M,8203476
2010,0,F,8371513
2011,0,M,8243482
2011,0,F,8412317
2012,0,M,8282871
2012,0,F,8447477
2013,0,M,8307339
2013,0,F,8472236
2014,0,M,8334385
2014,0,F,8494904
2015,0,M,8372858
2015,0,F,8527868
2016,0,M,8417135
2016,0,F,8561985
2017,0,M,8475102
2017,0,F,8606405
2018,0,M,8527041
2018,0,F,8654043
2019,0,M,8581086
2019,0,F,8701077
